----------------------------------------------------------------------------------
Experiment #1 : Hill Climbing 20 Steps

GRID 1 LAYOUT: 
---------------

[3, 1, 3, 2, 1, 3, 1, 1]
[3, 3, 2, 1, 1, 2, 2, 2]
[1, 5, 4, 1, 1, 1, 2, 1]
[2, 5, 1, 1, 2, 4, 1, 1]
[3, 2, 1, 1, 2, 3, 1, 1]
[1, 3, 1, 2, 1, 1, 1, 3]
[1, 2, 1, 2, 2, 3, 3, 3]
[1, 3, 1, 1, 4, 2, 1, 3]
Chosen X
6
Chosen Y
5
Current Value
3
CURRENT PROGRESS: 
-----------------
[3, 1, 3, 2, 1, 3, 1, 1]
[3, 3, 2, 1, 1, 2, 2, 2]
[1, 5, 4, 1, 1, 1, 2, 1]
[2, 5, 1, 1, 2, 4, 1, 1]
[3, 2, 1, 1, 2, 3, 1, 1]
[1, 3, 1, 2, 1, 1, 1, 3]
[1, 2, 1, 2, 2, 'X', 3, 3]
[1, 3, 1, 1, 4, 2, 1, 3]

Step Made
Old Value
3
New Value
4
[3, 1, 3, 2, 1, 3, 1, 1]
[3, 3, 2, 1, 1, 2, 2, 2]
[1, 5, 4, 1, 1, 1, 2, 1]
[2, 5, 1, 1, 2, 4, 1, 1]
[3, 2, 1, 1, 2, 3, 1, 1]
[1, 3, 1, 2, 1, 1, 1, 3]
[1, 2, 1, 2, 2, 'X', 3, 3]
[1, 3, 1, 1, 'X', 2, 1, 3]

Steps Remaining
19
No More Steps
Local Max
4
No More Restarts
GRID 2 LAYOUT: 
---------------

[1, 1, 5, 5, 3, 1, 3, 2]
[1, 4, 1, 1, 1, 1, 4, 1]
[5, 2, 2, 1, 3, 2, 1, 1]
[2, 3, 2, 1, 1, 1, 1, 1]
[3, 4, 3, 3, 5, 1, 1, 2]
[2, 1, 2, 1, 1, 3, 4, 2]
[3, 1, 2, 1, 2, 3, 4, 1]
[2, 2, 1, 1, 3, 1, 3, 2]
Chosen X
2
Chosen Y
7
Current Value
1
CURRENT PROGRESS: 
-----------------
[1, 1, 5, 5, 3, 1, 3, 2]
[1, 4, 1, 1, 1, 1, 4, 1]
[5, 2, 2, 1, 3, 2, 1, 'X']
[2, 3, 2, 1, 1, 1, 1, 1]
[3, 4, 3, 3, 5, 1, 1, 2]
[2, 1, 2, 1, 1, 3, 4, 2]
[3, 1, 2, 1, 2, 3, 4, 1]
[2, 2, 1, 1, 3, 1, 3, 2]

Step Made
Old Value
1
New Value
4
[1, 1, 5, 5, 3, 1, 3, 2]
[1, 4, 1, 1, 1, 1, 'X', 1]
[5, 2, 2, 1, 3, 2, 1, 'X']
[2, 3, 2, 1, 1, 1, 1, 1]
[3, 4, 3, 3, 5, 1, 1, 2]
[2, 1, 2, 1, 1, 3, 4, 2]
[3, 1, 2, 1, 2, 3, 4, 1]
[2, 2, 1, 1, 3, 1, 3, 2]

Steps Remaining
19
No More Steps
Local Max
4
No More Restarts
GRID 3 LAYOUT: 
---------------

[1, 1, 2, 3, 1, 2, 4, 1]
[5, 3, 1, 2, 3, 2, 3, 1]
[1, 5, 1, 1, 2, 1, 1, 1]
[3, 2, 3, 1, 1, 1, 2, 2]
[2, 3, 1, 2, 1, 2, 1, 1]
[1, 1, 1, 3, 1, 2, 1, 2]
[1, 2, 1, 1, 1, 1, 2, 3]
[1, 3, 2, 2, 1, 2, 1, 1]
Chosen X
3
Chosen Y
2
Current Value
3
CURRENT PROGRESS: 
-----------------
[1, 1, 2, 3, 1, 2, 4, 1]
[5, 3, 1, 2, 3, 2, 3, 1]
[1, 5, 1, 1, 2, 1, 1, 1]
[3, 2, 'X', 1, 1, 1, 2, 2]
[2, 3, 1, 2, 1, 2, 1, 1]
[1, 1, 1, 3, 1, 2, 1, 2]
[1, 2, 1, 1, 1, 1, 2, 3]
[1, 3, 2, 2, 1, 2, 1, 1]

Step Made
Old Value
3
New Value
5
[1, 1, 2, 3, 1, 2, 4, 1]
[5, 3, 1, 2, 3, 2, 3, 1]
[1, 'X', 1, 1, 2, 1, 1, 1]
[3, 2, 'X', 1, 1, 1, 2, 2]
[2, 3, 1, 2, 1, 2, 1, 1]
[1, 1, 1, 3, 1, 2, 1, 2]
[1, 2, 1, 1, 1, 1, 2, 3]
[1, 3, 2, 2, 1, 2, 1, 1]

Steps Remaining
19
No More Steps
Local Max
5
No More Restarts
GRID 4 LAYOUT: 
---------------

[3, 3, 4, 2, 1, 1, 1, 1]
[2, 1, 1, 2, 1, 2, 1, 2]
[2, 1, 1, 5, 4, 1, 1, 1]
[1, 3, 1, 2, 1, 2, 1, 1]
[1, 2, 2, 1, 1, 2, 1, 1]
[2, 3, 3, 2, 3, 1, 1, 2]
[1, 1, 1, 1, 1, 1, 2, 3]
[1, 3, 1, 1, 4, 3, 1, 1]
Chosen X
3
Chosen Y
1
Current Value
3
CURRENT PROGRESS: 
-----------------
[3, 3, 4, 2, 1, 1, 1, 1]
[2, 1, 1, 2, 1, 2, 1, 2]
[2, 1, 1, 5, 4, 1, 1, 1]
[1, 'X', 1, 2, 1, 2, 1, 1]
[1, 2, 2, 1, 1, 2, 1, 1]
[2, 3, 3, 2, 3, 1, 1, 2]
[1, 1, 1, 1, 1, 1, 2, 3]
[1, 3, 1, 1, 4, 3, 1, 1]

No More Steps
Local Max
3
No More Restarts
GRID 5 LAYOUT: 
---------------

[3, 3, 1, 1, 2, 2, 1, 2]
[1, 1, 2, 2, 1, 1, 1, 1]
[1, 3, 1, 2, 1, 1, 2, 1]
[2, 2, 1, 1, 1, 1, 5, 1]
[2, 1, 1, 3, 2, 2, 1, 1]
[1, 1, 1, 1, 1, 1, 1, 1]
[4, 5, 1, 1, 3, 2, 2, 3]
[3, 2, 3, 1, 1, 1, 1, 3]
Chosen X
7
Chosen Y
1
Current Value
2
CURRENT PROGRESS: 
-----------------
[3, 3, 1, 1, 2, 2, 1, 2]
[1, 1, 2, 2, 1, 1, 1, 1]
[1, 3, 1, 2, 1, 1, 2, 1]
[2, 2, 1, 1, 1, 1, 5, 1]
[2, 1, 1, 3, 2, 2, 1, 1]
[1, 1, 1, 1, 1, 1, 1, 1]
[4, 5, 1, 1, 3, 2, 2, 3]
[3, 'X', 3, 1, 1, 1, 1, 3]

Step Made
Old Value
2
New Value
5
[3, 3, 1, 1, 2, 2, 1, 2]
[1, 1, 2, 2, 1, 1, 1, 1]
[1, 3, 1, 2, 1, 1, 2, 1]
[2, 2, 1, 1, 1, 1, 5, 1]
[2, 1, 1, 3, 2, 2, 1, 1]
[1, 1, 1, 1, 1, 1, 1, 1]
[4, 'X', 1, 1, 3, 2, 2, 3]
[3, 'X', 3, 1, 1, 1, 1, 3]

Steps Remaining
19
No More Steps
Local Max
5
No More Restarts
GRID 6 LAYOUT: 
---------------

[2, 1, 5, 4, 2, 1, 1, 1]
[1, 1, 5, 3, 1, 1, 1, 3]
[1, 1, 3, 2, 4, 5, 1, 1]
[2, 1, 1, 1, 1, 1, 3, 1]
[1, 5, 3, 1, 1, 2, 1, 2]
[1, 1, 1, 1, 3, 1, 1, 1]
[1, 2, 2, 1, 1, 2, 2, 1]
[3, 1, 1, 3, 2, 1, 1, 5]
Chosen X
0
Chosen Y
6
Current Value
1
CURRENT PROGRESS: 
-----------------
[2, 1, 5, 4, 2, 1, 'X', 1]
[1, 1, 5, 3, 1, 1, 1, 3]
[1, 1, 3, 2, 4, 5, 1, 1]
[2, 1, 1, 1, 1, 1, 3, 1]
[1, 5, 3, 1, 1, 2, 1, 2]
[1, 1, 1, 1, 3, 1, 1, 1]
[1, 2, 2, 1, 1, 2, 2, 1]
[3, 1, 1, 3, 2, 1, 1, 5]

Step Made
Old Value
1
New Value
3
[2, 1, 5, 4, 2, 1, 'X', 1]
[1, 1, 5, 3, 1, 1, 1, 'X']
[1, 1, 3, 2, 4, 5, 1, 1]
[2, 1, 1, 1, 1, 1, 3, 1]
[1, 5, 3, 1, 1, 2, 1, 2]
[1, 1, 1, 1, 3, 1, 1, 1]
[1, 2, 2, 1, 1, 2, 2, 1]
[3, 1, 1, 3, 2, 1, 1, 5]

Steps Remaining
19
No More Steps
Local Max
3
No More Restarts
GRID 7 LAYOUT: 
---------------

[4, 3, 1, 1, 1, 1, 1, 2]
[2, 4, 1, 1, 1, 2, 1, 1]
[2, 1, 1, 1, 1, 1, 1, 3]
[2, 2, 1, 1, 1, 2, 3, 2]
[2, 3, 3, 1, 1, 1, 2, 1]
[1, 1, 4, 3, 3, 2, 3, 2]
[1, 1, 1, 3, 5, 2, 3, 1]
[1, 1, 2, 1, 3, 1, 1, 1]
Chosen X
4
Chosen Y
7
Current Value
1
CURRENT PROGRESS: 
-----------------
[4, 3, 1, 1, 1, 1, 1, 2]
[2, 4, 1, 1, 1, 2, 1, 1]
[2, 1, 1, 1, 1, 1, 1, 3]
[2, 2, 1, 1, 1, 2, 3, 2]
[2, 3, 3, 1, 1, 1, 2, 'X']
[1, 1, 4, 3, 3, 2, 3, 2]
[1, 1, 1, 3, 5, 2, 3, 1]
[1, 1, 2, 1, 3, 1, 1, 1]

Step Made
Old Value
1
New Value
3
[4, 3, 1, 1, 1, 1, 1, 2]
[2, 4, 1, 1, 1, 2, 1, 1]
[2, 1, 1, 1, 1, 1, 1, 3]
[2, 2, 1, 1, 1, 2, 'X', 2]
[2, 3, 3, 1, 1, 1, 2, 'X']
[1, 1, 4, 3, 3, 2, 3, 2]
[1, 1, 1, 3, 5, 2, 3, 1]
[1, 1, 2, 1, 3, 1, 1, 1]

Steps Remaining
19
No More Steps
Local Max
3
No More Restarts
GRID 8 LAYOUT: 
---------------

[1, 2, 1, 3, 1, 1, 1, 2]
[1, 3, 1, 2, 3, 4, 1, 2]
[3, 1, 1, 4, 1, 2, 1, 1]
[1, 2, 4, 1, 2, 2, 2, 1]
[1, 1, 1, 3, 2, 3, 1, 1]
[5, 1, 5, 1, 1, 1, 2, 2]
[1, 1, 2, 2, 1, 2, 2, 1]
[2, 1, 3, 5, 3, 3, 3, 1]
Chosen X
3
Chosen Y
5
Current Value
2
CURRENT PROGRESS: 
-----------------
[1, 2, 1, 3, 1, 1, 1, 2]
[1, 3, 1, 2, 3, 4, 1, 2]
[3, 1, 1, 4, 1, 2, 1, 1]
[1, 2, 4, 1, 2, 'X', 2, 1]
[1, 1, 1, 3, 2, 3, 1, 1]
[5, 1, 5, 1, 1, 1, 2, 2]
[1, 1, 2, 2, 1, 2, 2, 1]
[2, 1, 3, 5, 3, 3, 3, 1]

Step Made
Old Value
2
New Value
3
[1, 2, 1, 3, 1, 1, 1, 2]
[1, 3, 1, 2, 3, 4, 1, 2]
[3, 1, 1, 4, 1, 2, 1, 1]
[1, 2, 4, 1, 2, 'X', 2, 1]
[1, 1, 1, 3, 2, 'X', 1, 1]
[5, 1, 5, 1, 1, 1, 2, 2]
[1, 1, 2, 2, 1, 2, 2, 1]
[2, 1, 3, 5, 3, 3, 3, 1]

Steps Remaining
19
No More Steps
Local Max
3
No More Restarts
GRID 9 LAYOUT: 
---------------

[3, 3, 3, 1, 1, 2, 3, 1]
[3, 1, 1, 2, 1, 3, 4, 1]
[1, 1, 1, 1, 4, 1, 2, 1]
[1, 1, 1, 2, 1, 1, 1, 1]
[2, 5, 2, 3, 2, 1, 1, 2]
[1, 1, 4, 3, 1, 2, 2, 2]
[3, 1, 1, 1, 4, 1, 1, 1]
[1, 2, 1, 1, 2, 1, 1, 1]
Chosen X
7
Chosen Y
6
Current Value
1
CURRENT PROGRESS: 
-----------------
[3, 3, 3, 1, 1, 2, 3, 1]
[3, 1, 1, 2, 1, 3, 4, 1]
[1, 1, 1, 1, 4, 1, 2, 1]
[1, 1, 1, 2, 1, 1, 1, 1]
[2, 5, 2, 3, 2, 1, 1, 2]
[1, 1, 4, 3, 1, 2, 2, 2]
[3, 1, 1, 1, 4, 1, 1, 1]
[1, 2, 1, 1, 2, 1, 'X', 1]

No More Steps
Local Max
1
No More Restarts
GRID 10 LAYOUT: 
---------------

[1, 3, 1, 2, 1, 1, 3, 4]
[3, 1, 1, 3, 1, 3, 2, 2]
[2, 2, 2, 1, 1, 1, 1, 2]
[2, 2, 1, 2, 3, 1, 2, 1]
[1, 2, 5, 1, 5, 1, 1, 1]
[1, 1, 2, 2, 1, 1, 1, 2]
[2, 1, 1, 3, 1, 3, 1, 2]
[2, 1, 3, 2, 5, 1, 2, 1]
Chosen X
4
Chosen Y
6
Current Value
1
CURRENT PROGRESS: 
-----------------
[1, 3, 1, 2, 1, 1, 3, 4]
[3, 1, 1, 3, 1, 3, 2, 2]
[2, 2, 2, 1, 1, 1, 1, 2]
[2, 2, 1, 2, 3, 1, 2, 1]
[1, 2, 5, 1, 5, 1, 'X', 1]
[1, 1, 2, 2, 1, 1, 1, 2]
[2, 1, 1, 3, 1, 3, 1, 2]
[2, 1, 3, 2, 5, 1, 2, 1]

Step Made
Old Value
1
New Value
2
[1, 3, 1, 2, 1, 1, 3, 4]
[3, 1, 1, 3, 1, 3, 2, 2]
[2, 2, 2, 1, 1, 1, 1, 2]
[2, 2, 1, 2, 3, 1, 'X', 1]
[1, 2, 5, 1, 5, 1, 'X', 1]
[1, 1, 2, 2, 1, 1, 1, 2]
[2, 1, 1, 3, 1, 3, 1, 2]
[2, 1, 3, 2, 5, 1, 2, 1]

Steps Remaining
19
No More Steps
Local Max
2
No More Restarts
End of Simulations for Experiment #1 : Hill Climbing 20 Steps


----------------------------------------------------------------------------------
Experiment #2 : Hill Climbing 10 Steps & 1 Restart

GRID 1 LAYOUT: 
---------------

[1, 1, 2, 2, 2, 1, 1, 2]
[3, 1, 1, 3, 1, 1, 3, 1]
[2, 1, 3, 1, 1, 3, 2, 5]
[2, 1, 2, 1, 1, 3, 1, 2]
[1, 1, 1, 1, 1, 4, 2, 1]
[3, 3, 1, 2, 3, 1, 2, 2]
[1, 2, 2, 3, 2, 4, 1, 2]
[1, 4, 3, 2, 2, 4, 1, 3]
Chosen X
0
Chosen Y
3
Current Value
2
CURRENT PROGRESS: 
-----------------
[1, 1, 2, 'X', 2, 1, 1, 2]
[3, 1, 1, 3, 1, 1, 3, 1]
[2, 1, 3, 1, 1, 3, 2, 5]
[2, 1, 2, 1, 1, 3, 1, 2]
[1, 1, 1, 1, 1, 4, 2, 1]
[3, 3, 1, 2, 3, 1, 2, 2]
[1, 2, 2, 3, 2, 4, 1, 2]
[1, 4, 3, 2, 2, 4, 1, 3]

Step Made
Old Value
2
New Value
3
[1, 1, 2, 'X', 2, 1, 1, 2]
[3, 1, 1, 'X', 1, 1, 3, 1]
[2, 1, 3, 1, 1, 3, 2, 5]
[2, 1, 2, 1, 1, 3, 1, 2]
[1, 1, 1, 1, 1, 4, 2, 1]
[3, 3, 1, 2, 3, 1, 2, 2]
[1, 2, 2, 3, 2, 4, 1, 2]
[1, 4, 3, 2, 2, 4, 1, 3]

Steps Remaining
9
No More Steps
Local Max
3
Restarts Left
1
Chosen X
2
Chosen Y
4
Current Value
1
CURRENT PROGRESS: 
-----------------
[1, 1, 2, 2, 2, 1, 1, 2]
[3, 1, 1, 3, 1, 1, 3, 1]
[2, 1, 3, 1, 'X', 3, 2, 5]
[2, 1, 2, 1, 1, 3, 1, 2]
[1, 1, 1, 1, 1, 4, 2, 1]
[3, 3, 1, 2, 3, 1, 2, 2]
[1, 2, 2, 3, 2, 4, 1, 2]
[1, 4, 3, 2, 2, 4, 1, 3]

Step Made
Old Value
1
New Value
3
[1, 1, 2, 2, 2, 1, 1, 2]
[3, 1, 1, 'X', 1, 1, 3, 1]
[2, 1, 3, 1, 'X', 3, 2, 5]
[2, 1, 2, 1, 1, 3, 1, 2]
[1, 1, 1, 1, 1, 4, 2, 1]
[3, 3, 1, 2, 3, 1, 2, 2]
[1, 2, 2, 3, 2, 4, 1, 2]
[1, 4, 3, 2, 2, 4, 1, 3]

Steps Remaining
9
No More Steps
Local Max
3
No More Restarts
GRID 2 LAYOUT: 
---------------

[1, 2, 2, 3, 3, 1, 2, 1]
[1, 2, 2, 3, 3, 1, 2, 1]
[4, 2, 5, 1, 1, 1, 1, 3]
[1, 2, 1, 2, 1, 1, 1, 1]
[1, 2, 1, 1, 1, 2, 2, 2]
[1, 3, 1, 1, 1, 1, 2, 1]
[1, 2, 1, 1, 3, 1, 4, 5]
[1, 1, 3, 1, 1, 1, 3, 1]
Chosen X
5
Chosen Y
4
Current Value
1
CURRENT PROGRESS: 
-----------------
[1, 2, 2, 3, 3, 1, 2, 1]
[1, 2, 2, 3, 3, 1, 2, 1]
[4, 2, 5, 1, 1, 1, 1, 3]
[1, 2, 1, 2, 1, 1, 1, 1]
[1, 2, 1, 1, 1, 2, 2, 2]
[1, 3, 1, 1, 'X', 1, 2, 1]
[1, 2, 1, 1, 3, 1, 4, 5]
[1, 1, 3, 1, 1, 1, 3, 1]

Step Made
Old Value
1
New Value
3
[1, 2, 2, 3, 3, 1, 2, 1]
[1, 2, 2, 3, 3, 1, 2, 1]
[4, 2, 5, 1, 1, 1, 1, 3]
[1, 2, 1, 2, 1, 1, 1, 1]
[1, 2, 1, 1, 1, 2, 2, 2]
[1, 3, 1, 1, 'X', 1, 2, 1]
[1, 2, 1, 1, 'X', 1, 4, 5]
[1, 1, 3, 1, 1, 1, 3, 1]

Steps Remaining
9
No More Steps
Local Max
3
Restarts Left
1
Chosen X
3
Chosen Y
1
Current Value
2
CURRENT PROGRESS: 
-----------------
[1, 2, 2, 3, 3, 1, 2, 1]
[1, 2, 2, 3, 3, 1, 2, 1]
[4, 2, 5, 1, 1, 1, 1, 3]
[1, 'X', 1, 2, 1, 1, 1, 1]
[1, 2, 1, 1, 1, 2, 2, 2]
[1, 3, 1, 1, 1, 1, 2, 1]
[1, 2, 1, 1, 3, 1, 4, 5]
[1, 1, 3, 1, 1, 1, 3, 1]

Step Made
Old Value
2
New Value
5
[1, 2, 2, 3, 3, 1, 2, 1]
[1, 2, 2, 3, 3, 1, 2, 1]
[4, 2, 'X', 1, 1, 1, 1, 3]
[1, 'X', 1, 2, 1, 1, 1, 1]
[1, 2, 1, 1, 1, 2, 2, 2]
[1, 3, 1, 1, 1, 1, 2, 1]
[1, 2, 1, 1, 3, 1, 4, 5]
[1, 1, 3, 1, 1, 1, 3, 1]

Steps Remaining
9
No More Steps
Local Max
5
No More Restarts
GRID 3 LAYOUT: 
---------------

[3, 1, 2, 1, 1, 2, 1, 5]
[2, 2, 1, 2, 1, 3, 1, 2]
[1, 1, 4, 1, 1, 1, 1, 3]
[2, 1, 1, 4, 4, 3, 2, 1]
[2, 2, 2, 5, 5, 2, 2, 1]
[1, 1, 2, 1, 1, 4, 1, 1]
[1, 2, 2, 1, 1, 1, 2, 2]
[2, 2, 1, 5, 1, 1, 3, 1]
Chosen X
3
Chosen Y
2
Current Value
1
CURRENT PROGRESS: 
-----------------
[3, 1, 2, 1, 1, 2, 1, 5]
[2, 2, 1, 2, 1, 3, 1, 2]
[1, 1, 4, 1, 1, 1, 1, 3]
[2, 1, 'X', 4, 4, 3, 2, 1]
[2, 2, 2, 5, 5, 2, 2, 1]
[1, 1, 2, 1, 1, 4, 1, 1]
[1, 2, 2, 1, 1, 1, 2, 2]
[2, 2, 1, 5, 1, 1, 3, 1]

Step Made
Old Value
1
New Value
5
[3, 1, 2, 1, 1, 2, 1, 5]
[2, 2, 1, 2, 1, 3, 1, 2]
[1, 1, 4, 1, 1, 1, 1, 3]
[2, 1, 'X', 4, 4, 3, 2, 1]
[2, 2, 2, 'X', 5, 2, 2, 1]
[1, 1, 2, 1, 1, 4, 1, 1]
[1, 2, 2, 1, 1, 1, 2, 2]
[2, 2, 1, 5, 1, 1, 3, 1]

Steps Remaining
9
No More Steps
Local Max
5
Restarts Left
1
Chosen X
7
Chosen Y
7
Current Value
1
CURRENT PROGRESS: 
-----------------
[3, 1, 2, 1, 1, 2, 1, 5]
[2, 2, 1, 2, 1, 3, 1, 2]
[1, 1, 4, 1, 1, 1, 1, 3]
[2, 1, 1, 4, 4, 3, 2, 1]
[2, 2, 2, 5, 5, 2, 2, 1]
[1, 1, 2, 1, 1, 4, 1, 1]
[1, 2, 2, 1, 1, 1, 2, 2]
[2, 2, 1, 5, 1, 1, 3, 'X']

Step Made
Old Value
1
New Value
3
[3, 1, 2, 1, 1, 2, 1, 5]
[2, 2, 1, 2, 1, 3, 1, 2]
[1, 1, 4, 1, 1, 1, 1, 3]
[2, 1, 1, 4, 4, 3, 2, 1]
[2, 2, 2, 5, 5, 2, 2, 1]
[1, 1, 2, 1, 1, 4, 1, 1]
[1, 2, 2, 1, 1, 1, 2, 2]
[2, 2, 1, 5, 1, 1, 'X', 'X']

Steps Remaining
9
No More Steps
Local Max
3
No More Restarts
GRID 4 LAYOUT: 
---------------

[1, 1, 1, 3, 1, 3, 3, 1]
[1, 1, 3, 2, 1, 1, 1, 2]
[3, 1, 2, 1, 1, 4, 1, 1]
[1, 3, 5, 1, 1, 3, 1, 2]
[1, 1, 1, 1, 1, 2, 1, 2]
[1, 2, 1, 3, 2, 2, 1, 1]
[2, 2, 1, 4, 1, 1, 1, 2]
[1, 1, 1, 1, 3, 1, 2, 1]
Chosen X
3
Chosen Y
7
Current Value
2
CURRENT PROGRESS: 
-----------------
[1, 1, 1, 3, 1, 3, 3, 1]
[1, 1, 3, 2, 1, 1, 1, 2]
[3, 1, 2, 1, 1, 4, 1, 1]
[1, 3, 5, 1, 1, 3, 1, 'X']
[1, 1, 1, 1, 1, 2, 1, 2]
[1, 2, 1, 3, 2, 2, 1, 1]
[2, 2, 1, 4, 1, 1, 1, 2]
[1, 1, 1, 1, 3, 1, 2, 1]

No More Steps
Local Max
2
Restarts Left
1
Chosen X
5
Chosen Y
7
Current Value
1
CURRENT PROGRESS: 
-----------------
[1, 1, 1, 3, 1, 3, 3, 1]
[1, 1, 3, 2, 1, 1, 1, 2]
[3, 1, 2, 1, 1, 4, 1, 1]
[1, 3, 5, 1, 1, 3, 1, 2]
[1, 1, 1, 1, 1, 2, 1, 2]
[1, 2, 1, 3, 2, 2, 1, 'X']
[2, 2, 1, 4, 1, 1, 1, 2]
[1, 1, 1, 1, 3, 1, 2, 1]

Step Made
Old Value
1
New Value
2
[1, 1, 1, 3, 1, 3, 3, 1]
[1, 1, 3, 2, 1, 1, 1, 2]
[3, 1, 2, 1, 1, 4, 1, 1]
[1, 3, 5, 1, 1, 3, 1, 2]
[1, 1, 1, 1, 1, 2, 1, 'X']
[1, 2, 1, 3, 2, 2, 1, 'X']
[2, 2, 1, 4, 1, 1, 1, 2]
[1, 1, 1, 1, 3, 1, 2, 1]

Steps Remaining
9
No More Steps
Local Max
2
No More Restarts
GRID 5 LAYOUT: 
---------------

[1, 1, 1, 2, 1, 1, 2, 2]
[2, 1, 1, 1, 3, 1, 5, 1]
[1, 5, 1, 1, 2, 1, 1, 1]
[3, 1, 2, 3, 2, 1, 1, 1]
[2, 1, 3, 2, 1, 3, 1, 3]
[1, 1, 2, 4, 1, 3, 1, 2]
[1, 1, 1, 2, 1, 4, 1, 2]
[1, 2, 1, 4, 2, 1, 1, 1]
Chosen X
3
Chosen Y
3
Current Value
3
CURRENT PROGRESS: 
-----------------
[1, 1, 1, 2, 1, 1, 2, 2]
[2, 1, 1, 1, 3, 1, 5, 1]
[1, 5, 1, 1, 2, 1, 1, 1]
[3, 1, 2, 'X', 2, 1, 1, 1]
[2, 1, 3, 2, 1, 3, 1, 3]
[1, 1, 2, 4, 1, 3, 1, 2]
[1, 1, 1, 2, 1, 4, 1, 2]
[1, 2, 1, 4, 2, 1, 1, 1]

No More Steps
Local Max
3
Restarts Left
1
Chosen X
1
Chosen Y
7
Current Value
1
CURRENT PROGRESS: 
-----------------
[1, 1, 1, 2, 1, 1, 2, 2]
[2, 1, 1, 1, 3, 1, 5, 'X']
[1, 5, 1, 1, 2, 1, 1, 1]
[3, 1, 2, 3, 2, 1, 1, 1]
[2, 1, 3, 2, 1, 3, 1, 3]
[1, 1, 2, 4, 1, 3, 1, 2]
[1, 1, 1, 2, 1, 4, 1, 2]
[1, 2, 1, 4, 2, 1, 1, 1]

Step Made
Old Value
1
New Value
5
[1, 1, 1, 2, 1, 1, 2, 2]
[2, 1, 1, 1, 3, 1, 'X', 'X']
[1, 5, 1, 1, 2, 1, 1, 1]
[3, 1, 2, 3, 2, 1, 1, 1]
[2, 1, 3, 2, 1, 3, 1, 3]
[1, 1, 2, 4, 1, 3, 1, 2]
[1, 1, 1, 2, 1, 4, 1, 2]
[1, 2, 1, 4, 2, 1, 1, 1]

Steps Remaining
9
No More Steps
Local Max
5
No More Restarts
GRID 6 LAYOUT: 
---------------

[1, 2, 1, 3, 2, 2, 2, 1]
[2, 1, 2, 1, 5, 1, 4, 2]
[1, 3, 1, 1, 1, 1, 1, 3]
[3, 5, 1, 1, 1, 3, 1, 2]
[4, 2, 4, 1, 5, 2, 1, 2]
[3, 1, 1, 3, 1, 2, 1, 1]
[1, 1, 2, 1, 2, 3, 2, 2]
[1, 2, 2, 2, 2, 1, 4, 1]
Chosen X
0
Chosen Y
1
Current Value
2
CURRENT PROGRESS: 
-----------------
[1, 'X', 1, 3, 2, 2, 2, 1]
[2, 1, 2, 1, 5, 1, 4, 2]
[1, 3, 1, 1, 1, 1, 1, 3]
[3, 5, 1, 1, 1, 3, 1, 2]
[4, 2, 4, 1, 5, 2, 1, 2]
[3, 1, 1, 3, 1, 2, 1, 1]
[1, 1, 2, 1, 2, 3, 2, 2]
[1, 2, 2, 2, 2, 1, 4, 1]

No More Steps
Local Max
2
Restarts Left
1
Chosen X
3
Chosen Y
3
Current Value
1
CURRENT PROGRESS: 
-----------------
[1, 2, 1, 3, 2, 2, 2, 1]
[2, 1, 2, 1, 5, 1, 4, 2]
[1, 3, 1, 1, 1, 1, 1, 3]
[3, 5, 1, 'X', 1, 3, 1, 2]
[4, 2, 4, 1, 5, 2, 1, 2]
[3, 1, 1, 3, 1, 2, 1, 1]
[1, 1, 2, 1, 2, 3, 2, 2]
[1, 2, 2, 2, 2, 1, 4, 1]

Step Made
Old Value
1
New Value
5
[1, 2, 1, 3, 2, 2, 2, 1]
[2, 1, 2, 1, 5, 1, 4, 2]
[1, 3, 1, 1, 1, 1, 1, 3]
[3, 5, 1, 'X', 1, 3, 1, 2]
[4, 2, 4, 1, 'X', 2, 1, 2]
[3, 1, 1, 3, 1, 2, 1, 1]
[1, 1, 2, 1, 2, 3, 2, 2]
[1, 2, 2, 2, 2, 1, 4, 1]

Steps Remaining
9
No More Steps
Local Max
5
No More Restarts
GRID 7 LAYOUT: 
---------------

[1, 2, 1, 5, 3, 2, 1, 1]
[1, 1, 1, 1, 1, 1, 1, 2]
[1, 2, 1, 1, 5, 1, 1, 3]
[2, 2, 1, 1, 1, 1, 1, 2]
[3, 2, 2, 1, 2, 1, 3, 3]
[1, 2, 2, 1, 1, 1, 2, 1]
[1, 3, 4, 1, 1, 1, 5, 1]
[1, 5, 1, 3, 3, 4, 2, 3]
Chosen X
5
Chosen Y
6
Current Value
2
CURRENT PROGRESS: 
-----------------
[1, 2, 1, 5, 3, 2, 1, 1]
[1, 1, 1, 1, 1, 1, 1, 2]
[1, 2, 1, 1, 5, 1, 1, 3]
[2, 2, 1, 1, 1, 1, 1, 2]
[3, 2, 2, 1, 2, 1, 3, 3]
[1, 2, 2, 1, 1, 1, 'X', 1]
[1, 3, 4, 1, 1, 1, 5, 1]
[1, 5, 1, 3, 3, 4, 2, 3]

Step Made
Old Value
2
New Value
5
[1, 2, 1, 5, 3, 2, 1, 1]
[1, 1, 1, 1, 1, 1, 1, 2]
[1, 2, 1, 1, 5, 1, 1, 3]
[2, 2, 1, 1, 1, 1, 1, 2]
[3, 2, 2, 1, 2, 1, 3, 3]
[1, 2, 2, 1, 1, 1, 'X', 1]
[1, 3, 4, 1, 1, 1, 'X', 1]
[1, 5, 1, 3, 3, 4, 2, 3]

Steps Remaining
9
No More Steps
Local Max
5
Restarts Left
1
Chosen X
2
Chosen Y
1
Current Value
2
CURRENT PROGRESS: 
-----------------
[1, 2, 1, 5, 3, 2, 1, 1]
[1, 1, 1, 1, 1, 1, 1, 2]
[1, 'X', 1, 1, 5, 1, 1, 3]
[2, 2, 1, 1, 1, 1, 1, 2]
[3, 2, 2, 1, 2, 1, 3, 3]
[1, 2, 2, 1, 1, 1, 2, 1]
[1, 3, 4, 1, 1, 1, 5, 1]
[1, 5, 1, 3, 3, 4, 2, 3]

No More Steps
Local Max
2
No More Restarts
GRID 8 LAYOUT: 
---------------

[1, 3, 3, 1, 1, 2, 1, 1]
[2, 1, 1, 2, 2, 4, 2, 2]
[1, 1, 4, 1, 1, 1, 5, 1]
[1, 4, 2, 1, 2, 1, 1, 4]
[3, 1, 1, 1, 4, 1, 1, 1]
[1, 2, 1, 2, 2, 3, 2, 1]
[1, 1, 1, 1, 1, 2, 1, 2]
[1, 2, 1, 1, 1, 2, 1, 1]
Chosen X
6
Chosen Y
5
Current Value
2
CURRENT PROGRESS: 
-----------------
[1, 3, 3, 1, 1, 2, 1, 1]
[2, 1, 1, 2, 2, 4, 2, 2]
[1, 1, 4, 1, 1, 1, 5, 1]
[1, 4, 2, 1, 2, 1, 1, 4]
[3, 1, 1, 1, 4, 1, 1, 1]
[1, 2, 1, 2, 2, 3, 2, 1]
[1, 1, 1, 1, 1, 'X', 1, 2]
[1, 2, 1, 1, 1, 2, 1, 1]

Step Made
Old Value
2
New Value
3
[1, 3, 3, 1, 1, 2, 1, 1]
[2, 1, 1, 2, 2, 4, 2, 2]
[1, 1, 4, 1, 1, 1, 5, 1]
[1, 4, 2, 1, 2, 1, 1, 4]
[3, 1, 1, 1, 4, 1, 1, 1]
[1, 2, 1, 2, 2, 'X', 2, 1]
[1, 1, 1, 1, 1, 'X', 1, 2]
[1, 2, 1, 1, 1, 2, 1, 1]

Steps Remaining
9
Step Made
Old Value
3
New Value
4
[1, 3, 3, 1, 1, 2, 1, 1]
[2, 1, 1, 2, 2, 4, 2, 2]
[1, 1, 4, 1, 1, 1, 5, 1]
[1, 4, 2, 1, 2, 1, 1, 4]
[3, 1, 1, 1, 'X', 1, 1, 1]
[1, 2, 1, 2, 2, 'X', 2, 1]
[1, 1, 1, 1, 1, 'X', 1, 2]
[1, 2, 1, 1, 1, 2, 1, 1]

Steps Remaining
8
No More Steps
Local Max
4
Restarts Left
1
Chosen X
1
Chosen Y
3
Current Value
2
CURRENT PROGRESS: 
-----------------
[1, 3, 3, 1, 1, 2, 1, 1]
[2, 1, 1, 'X', 2, 4, 2, 2]
[1, 1, 4, 1, 1, 1, 5, 1]
[1, 4, 2, 1, 2, 1, 1, 4]
[3, 1, 1, 1, 4, 1, 1, 1]
[1, 2, 1, 2, 2, 3, 2, 1]
[1, 1, 1, 1, 1, 2, 1, 2]
[1, 2, 1, 1, 1, 2, 1, 1]

Step Made
Old Value
2
New Value
4
[1, 3, 3, 1, 1, 2, 1, 1]
[2, 1, 1, 'X', 2, 4, 2, 2]
[1, 1, 'X', 1, 1, 1, 5, 1]
[1, 4, 2, 1, 2, 1, 1, 4]
[3, 1, 1, 1, 4, 1, 1, 1]
[1, 2, 1, 2, 2, 3, 2, 1]
[1, 1, 1, 1, 1, 2, 1, 2]
[1, 2, 1, 1, 1, 2, 1, 1]

Steps Remaining
9
No More Steps
Local Max
4
No More Restarts
GRID 9 LAYOUT: 
---------------

[3, 2, 1, 2, 1, 2, 2, 2]
[1, 2, 1, 1, 1, 2, 4, 3]
[1, 1, 4, 3, 1, 1, 1, 2]
[2, 2, 1, 4, 1, 1, 1, 2]
[1, 1, 2, 1, 1, 2, 4, 1]
[1, 1, 2, 3, 1, 3, 1, 1]
[4, 4, 1, 2, 2, 1, 1, 1]
[1, 2, 1, 1, 2, 3, 3, 3]
Chosen X
2
Chosen Y
6
Current Value
1
CURRENT PROGRESS: 
-----------------
[3, 2, 1, 2, 1, 2, 2, 2]
[1, 2, 1, 1, 1, 2, 4, 3]
[1, 1, 4, 3, 1, 1, 'X', 2]
[2, 2, 1, 4, 1, 1, 1, 2]
[1, 1, 2, 1, 1, 2, 4, 1]
[1, 1, 2, 3, 1, 3, 1, 1]
[4, 4, 1, 2, 2, 1, 1, 1]
[1, 2, 1, 1, 2, 3, 3, 3]

Step Made
Old Value
1
New Value
4
[3, 2, 1, 2, 1, 2, 2, 2]
[1, 2, 1, 1, 1, 2, 'X', 3]
[1, 1, 4, 3, 1, 1, 'X', 2]
[2, 2, 1, 4, 1, 1, 1, 2]
[1, 1, 2, 1, 1, 2, 4, 1]
[1, 1, 2, 3, 1, 3, 1, 1]
[4, 4, 1, 2, 2, 1, 1, 1]
[1, 2, 1, 1, 2, 3, 3, 3]

Steps Remaining
9
No More Steps
Local Max
4
Restarts Left
1
Chosen X
6
Chosen Y
2
Current Value
1
CURRENT PROGRESS: 
-----------------
[3, 2, 1, 2, 1, 2, 2, 2]
[1, 2, 1, 1, 1, 2, 4, 3]
[1, 1, 4, 3, 1, 1, 1, 2]
[2, 2, 1, 4, 1, 1, 1, 2]
[1, 1, 2, 1, 1, 2, 4, 1]
[1, 1, 2, 3, 1, 3, 1, 1]
[4, 4, 'X', 2, 2, 1, 1, 1]
[1, 2, 1, 1, 2, 3, 3, 3]

Step Made
Old Value
1
New Value
4
[3, 2, 1, 2, 1, 2, 2, 2]
[1, 2, 1, 1, 1, 2, 4, 3]
[1, 1, 4, 3, 1, 1, 1, 2]
[2, 2, 1, 4, 1, 1, 1, 2]
[1, 1, 2, 1, 1, 2, 4, 1]
[1, 1, 2, 3, 1, 3, 1, 1]
[4, 'X', 'X', 2, 2, 1, 1, 1]
[1, 2, 1, 1, 2, 3, 3, 3]

Steps Remaining
9
No More Steps
Local Max
4
No More Restarts
GRID 10 LAYOUT: 
---------------

[1, 1, 2, 3, 1, 3, 1, 2]
[2, 3, 1, 1, 1, 1, 1, 1]
[5, 2, 2, 2, 1, 3, 1, 2]
[2, 3, 2, 1, 1, 2, 4, 1]
[1, 1, 2, 1, 1, 1, 3, 2]
[5, 2, 1, 2, 1, 1, 1, 3]
[1, 1, 1, 1, 1, 3, 1, 2]
[2, 2, 1, 1, 1, 1, 2, 1]
Chosen X
0
Chosen Y
0
Current Value
1
CURRENT PROGRESS: 
-----------------
['X', 1, 2, 3, 1, 3, 1, 2]
[2, 3, 1, 1, 1, 1, 1, 1]
[5, 2, 2, 2, 1, 3, 1, 2]
[2, 3, 2, 1, 1, 2, 4, 1]
[1, 1, 2, 1, 1, 1, 3, 2]
[5, 2, 1, 2, 1, 1, 1, 3]
[1, 1, 1, 1, 1, 3, 1, 2]
[2, 2, 1, 1, 1, 1, 2, 1]

Step Made
Old Value
1
New Value
3
['X', 1, 2, 3, 1, 3, 1, 2]
[2, 'X', 1, 1, 1, 1, 1, 1]
[5, 2, 2, 2, 1, 3, 1, 2]
[2, 3, 2, 1, 1, 2, 4, 1]
[1, 1, 2, 1, 1, 1, 3, 2]
[5, 2, 1, 2, 1, 1, 1, 3]
[1, 1, 1, 1, 1, 3, 1, 2]
[2, 2, 1, 1, 1, 1, 2, 1]

Steps Remaining
9
Step Made
Old Value
3
New Value
5
['X', 1, 2, 3, 1, 3, 1, 2]
[2, 'X', 1, 1, 1, 1, 1, 1]
['X', 2, 2, 2, 1, 3, 1, 2]
[2, 3, 2, 1, 1, 2, 4, 1]
[1, 1, 2, 1, 1, 1, 3, 2]
[5, 2, 1, 2, 1, 1, 1, 3]
[1, 1, 1, 1, 1, 3, 1, 2]
[2, 2, 1, 1, 1, 1, 2, 1]

Steps Remaining
8
No More Steps
Local Max
5
Restarts Left
1
Chosen X
1
Chosen Y
7
Current Value
1
CURRENT PROGRESS: 
-----------------
[1, 1, 2, 3, 1, 3, 1, 2]
[2, 3, 1, 1, 1, 1, 1, 'X']
[5, 2, 2, 2, 1, 3, 1, 2]
[2, 3, 2, 1, 1, 2, 4, 1]
[1, 1, 2, 1, 1, 1, 3, 2]
[5, 2, 1, 2, 1, 1, 1, 3]
[1, 1, 1, 1, 1, 3, 1, 2]
[2, 2, 1, 1, 1, 1, 2, 1]

Step Made
Old Value
1
New Value
2
[1, 1, 2, 3, 1, 3, 1, 'X']
[2, 3, 1, 1, 1, 1, 1, 'X']
[5, 2, 2, 2, 1, 3, 1, 2]
[2, 3, 2, 1, 1, 2, 4, 1]
[1, 1, 2, 1, 1, 1, 3, 2]
[5, 2, 1, 2, 1, 1, 1, 3]
[1, 1, 1, 1, 1, 3, 1, 2]
[2, 2, 1, 1, 1, 1, 2, 1]

Steps Remaining
9
No More Steps
Local Max
2
No More Restarts
End of Simulations for Experiment #2 : Hill Climbing 10 Steps & 1 Restart


----------------------------------------------------------------------------------
Experiment #3 : Local Beam Search With 2 Beams & 20 Steps

End of Simulations for Experiment #3 : Local Beam Search With 2 Beams & 20 Steps


----------------------------------------------------------------------------------
Experiment #4 : Simulated Annealing Modification

End of Simulations for Experiment #4 : Simulated Annealing Modification


----------------------------------------------------------------------------------
Final Results
Experiment 1 : Hill Climbing 20 Steps : # of Successes:
2
Experiment 1 # Hill Climbing 20 Steps : Success Rate:
20%
Experiment 2 : Hill Climbing 10 Steps & 1 Restart : # of Successes:
6
Experiment 2 : Hill Climbing 10 Steps & 1 Restart : # Success Rate:
60%
Experiment 3 : Local Beam Search With 2 Beams & 20 Steps : # of Successes:
0
Experiment 3 : Local Beam Search With 2 Beams & 20 Steps : # Success Rate:
0%
Experiment 4 : Simulated Annealing Modification : # of Successes:
0
Experiment 4 : Simulated Annealing Modification : # Success Rate:
0%